5 10 0
10 7 0
3 5 5 0
3 3 3 0
2 2 3 2 0
2 3 1 0
3 1 2 3 0
4 2 1 1 2 0
6 3 1 2 2 1 3 0
9 12 2 3 0
9 1 3 3 2 0
5 1 4 1 0
5 3 1 0
4 2 3 1 0
3 2 6 1 0
3 3 5 1 0
3 9 0
3 7 7 0
3 1 11 4 0
3 4 3 5 4 0
3 5 5 2 3 1 0
7 2 2 2 2 0
6 2 3 3 0
9 4 4 0
6 4 4 0
5 2 5 4 0
5 1 9 5 0
5 2 1 5 2 3 0
5 6 2 1 0
6 4 1 2 0
7 2 2 3 0
9 1 2 7 0
8 8 7 0
1 6 3 2 8 0
1 6 3 1 9 0
1 6 1 6 10 0
2 8 1 11 0
1 8 12 0
1 8 2 16 0
1 1 6 24 0
2 1 1 4 26 0
1 1 1 1 29 0
1 2 1 29 0
1 1 1 28 0
2 1 2 27 0
1 1 1 21 5 1 0
2 2 2 21 5 1 0
1 1 1 21 5 1 0
2 2 2 17 3 4 2 0
1 2 3 4 12 2 4 2 0
1 2 2 4 10 1 4 1 0
3 3 5 9 1 3 1 0
3 2 4 8 1 3 2 0
3 9 6 3 1 0
2 5 2 5 2 1 0
4 2 4 2 2 0
4 2 3 1 2 0
2 2 2 1 2 0
1 1 3 0
1 1 4 0
#
3 2 1 0
3 3 2 0
3 3 1 0
5 4 2 0
5 4 3 0
6 3 3 0
8 5 5 0
28 6 0
27 4 2 0
31 4 1 3 0
5 19 3 3 3 0
5 4 16 8 0
5 5 11 7 0
4 3 1 1 7 8 0
1 4 2 2 18 0
2 5 5 1 2 8 0
1 5 4 2 2 10 0
2 6 7 2 11 0
1 2 4 1 1 15 0
1 3 2 2 1 1 16 0
3 4 1 1 1 1 16 0
2 5 2 1 1 17 0
2 5 1 2 1 18 0
2 2 1 2 19 0
1 1 2 1 2 19 0
1 3 2 2 14 0
2 1 2 2 14 0
2 2 1 3 2 12 0
2 2 1 3 3 11 0
2 4 2 4 10 0
2 2 1 2 11 0
2 2 2 16 0
2 2 1 1 14 0
2 1 4 2 13 0
1 3 3 11 0
1 2 2 3 4 11 0
1 2 2 1 2 4 27 0
1 3 1 4 4 26 0
2 3 2 4 4 1 24 0
2 5 11 2 20 0
3 15 5 17 5 0
3 12 7 14 8 0
4 10 8 5 2 0
5 5 13 5 1 0
6 0
#
