16 0
2 4 3 0
2 3 1 0
2 2 0
2 2 0
2 2 0
11 1 0
6 9 7 0
5 3 5 0
10 9 5 5 0
5 2 6 17 3 0
3 4 8 1 2 2 0
4 2 1 4 2 1 1 2 0
6 2 2 3 3 1 2 1 3 2 0
2 2 2 8 2 1 1 1 5 1 0
2 3 1 4 1 1 6 2 0
4 2 5 6 6 1 1 7 2 0
2 1 10 2 2 8 1 1 9 0
1 1 12 2 3 9 1 1 8 0
1 1 12 4 9 1 1 3 3 0
1 1 13 2 11 1 1 2 3 0
1 1 14 11 1 1 7 0
1 13 12 1 14 0
2 2 9 2 12 4 7 0
1 5 4 1 2 5 6 1 12 0
1 2 6 3 5 6 7 6 0
1 2 17 2 8 6 4 0
4 3 16 0
9 3 11 0
6 29 6 0
4 3 12 12 0
1 12 18 0
10 24 0
9 31 0
43 0
#
3 0
5 0
2 2 0
3 7 4 0
6 2 1 0
1 3 4 1 2 0
1 2 7 0
1 3 2 8 0
1 2 5 1 3 0
1 1 6 2 3 0
1 1 7 1 3 0
1 1 7 1 2 0
1 1 8 1 1 0
1 2 8 1 2 0
1 1 1 8 2 1 0
1 1 2 7 1 1 0
2 1 7 1 1 0
2 1 8 1 1 0
1 1 8 1 1 0
1 1 7 1 1 0
2 1 4 1 1 0
1 1 1 1 0
1 2 6 0
1 1 8 0
2 2 3 6 0
1 1 5 1 1 0
1 1 3 2 2 1 1 0
1 1 3 3 2 1 1 0
1 1 1 5 1 1 0
3 1 1 3 1 1 0
3 1 1 2 3 0
2 1 2 1 5 0
2 1 2 4 7 0
2 1 1 15 0
2 1 1 17 0
1 1 1 8 8 0
1 1 1 9 9 0
1 1 1 8 9 0
1 1 1 19 0
1 2 1 19 0
3 1 1 17 1 0
3 1 1 16 1 0
3 1 1 12 1 0
2 1 1 8 1 0
1 1 1 1 2 0
1 1 1 1 2 0
1 1 1 1 2 0
1 1 1 1 2 0
2 3 2 2 0
2 3 1 2 0
10 1 2 0
3 1 1 1 3 0
1 1 1 3 0
1 1 2 3 0
1 16 3 0
1 1 1 1 3 0
2 1 1 1 3 0
1 1 2 1 4 0
3 1 1 4 0
3 2 1 2 4 0
3 1 1 1 4 0
3 1 1 4 0
6 1 1 4 0
1 8 1 5 0
2 4 5 0
1 11 5 0
1 13 5 0
1 7 6 5 0
2 6 6 5 0
1 13 6 0
2 11 6 0
2 7 6 0
2 2 6 0
5 6 0
2 6 0
#
