17 0
1 1 0
1 1 1 1 0
1 1 1 17 0
1 3 1 1 0
1 1 1 1 1 0
1 1 1 18 0
1 1 1 1 1 1 0
1 3 1 1 1 1 0
1 3 1 1 1 1 0
1 1 1 3 1 0
1 1 1 1 1 1 0
1 1 2 1 1 0
1 1 4 1 1 0
1 1 3 3 1 0
1 3 3 5 1 0
1 3 3 7 1 0
1 1 1 2 7 1 0
1 1 2 2 1 2 1 0
1 1 3 1 1 0
1 1 3 3 1 0
1 1 2 5 1 0
1 1 2 1 0
1 1 1 1 0
7 1 1 1 1 0
1 1 3 1 0
1 1 1 1 1 0
7 1 1 0
1 1 0
18 0
#
25 0
1 1 0
1 3 1 0
1 1 1 0
1 4 2 2 1 0
1 2 2 1 0
1 25 0
1 1 1 0
1 1 1 1 0
1 1 1 2 1 1 0
1 1 3 5 2 1 0
1 1 10 1 0
1 1 24 0
1 1 1 1 0
1 1 1 3 1 0
1 1 1 1 1 1 0
4 1 3 1 0
1 1 1 0
1 1 3 1 0
1 1 4 1 1 0
1 1 4 2 1 0
1 1 9 1 0
4 4 2 1 0
1 4 1 1 0
1 3 1 0
1 3 1 0
1 1 1 1 0
1 3 1 0
1 1 0
24 0
#
