1 3 2 29 0
1 3 21 12 0
2 4 19 1 10 0
5 4 14 1 1 6 0
2 5 13 2 2 6 0
4 1 15 3 2 6 0
1 19 3 1 6 0
2 2 12 5 6 0
8 9 4 7 0
1 15 2 4 0
18 1 5 0
2 2 13 7 6 0
21 1 2 6 0
3 14 1 4 0
16 2 4 4 2 2 0
15 5 4 6 1 0
14 12 2 1 2 0
13 2 5 2 7 0
13 3 6 0
13 2 5 0
12 3 4 0
11 4 4 0
13 4 3 0
14 3 3 2 0
16 3 3 1 2 0
1 14 4 6 2 0
1 14 6 1 0
1 13 6 1 0
4 4 1 5 6 3 0
6 4 1 6 11 2 0
5 4 7 4 3 2 0
7 8 2 1 0
2 11 2 1 0
3 10 7 2 0
2 2 12 4 3 0
2 1 12 1 2 0
1 15 2 1 0
1 15 1 1 0
1 2 12 2 2 0
2 1 15 1 2 0
2 1 15 2 4 0
5 1 22 0
5 19 0
1 12 0
1 8 0
#
1 4 3 3 6 3 0
6 18 1 2 2 0
5 1 1 15 2 2 2 0
1 1 4 3 17 2 1 0
5 26 1 1 0
3 3 3 23 1 0
1 3 27 2 2 0
27 1 1 1 0
2 5 19 1 2 1 0
4 28 5 1 0
2 41 0
31 6 0
20 9 7 0
18 2 5 9 0
17 5 4 12 0
16 6 5 12 0
15 3 3 13 0
14 2 21 0
7 4 3 20 0
9 5 20 0
13 3 7 10 0
6 3 1 3 4 8 0
5 3 1 2 2 7 0
4 3 1 2 7 0
4 2 1 2 6 0
3 1 1 3 6 0
3 1 4 2 6 0
5 1 4 1 2 6 0
1 1 2 1 2 1 5 0
2 3 3 2 4 0
5 2 2 1 4 0
2 2 2 2 2 2 0
2 2 1 2 2 2 0
3 2 1 2 2 3 0
3 3 1 2 2 3 0
3 2 1 1 2 1 2 0
5 1 2 1 3 2 0
7 1 2 2 2 3 0
9 4 3 1 0
13 2 4 1 0
14 4 5 1 0
21 3 2 2 0
1 9 1 12 4 0
2 5 7 1 0
1 2 1 1 1 0
#
