3 0
4 3 0
5 1 1 0
6 5 2 1 1 0
7 9 1 1 0
6 12 1 2 0
5 4 9 1 3 0
4 4 11 1 4 0
4 3 12 1 4 0
3 3 14 1 3 0
3 2 14 1 3 0
5 9 1 1 1 1 0
5 8 1 3 1 1 0
5 8 1 3 1 0
6 7 2 2 1 0
6 5 2 3 1 0
6 3 1 2 5 0
4 3 2 2 5 0
4 3 2 2 5 0
3 3 1 1 2 4 0
3 2 1 2 3 3 0
3 1 2 1 2 3 0
4 1 3 1 2 4 0
5 1 1 4 0
16 0
8 1 0
1 2 2 0
1 1 1 1 0
1 1 2 1 0
3 1 1 2 0
#
8 0
14 0
16 1 2 0
9 6 2 3 0
7 11 4 0
4 12 5 0
1 4 7 2 0
4 3 3 1 0
4 6 1 2 4 0
3 8 2 1 2 0
3 12 3 2 1 0
15 1 2 2 3 0
14 1 1 3 1 0
13 2 1 2 2 0
12 5 1 3 1 0
10 2 4 0
8 2 1 2 0
6 5 1 3 2 0
6 8 2 2 0
5 2 2 2 0
4 1 2 1 0
3 3 1 2 0
2 3 2 2 0
1 14 0
1 10 0
1 1 6 0
1 3 4 0
16 0
6 0
6 0
#
