7 0
6 4 2 0
3 9 2 0
6 5 2 4 0
3 2 7 2 1 0
4 2 6 1 1 2 0
3 2 4 1 2 7 0
3 1 2 2 3 1 0
2 1 2 5 0
2 1 2 1 1 0
2 1 2 2 1 4 0
2 1 2 6 1 0
2 1 2 2 4 0
3 1 3 1 0
4 2 4 1 3 0
4 1 4 2 1 2 3 0
4 2 2 3 2 2 4 1 0
4 1 2 2 1 1 1 0
4 2 2 2 2 2 1 1 0
4 1 3 2 1 2 2 2 0
3 2 4 7 2 0
2 1 7 2 5 0
2 2 10 2 2 0
2 1 11 1 1 0
3 1 5 6 2 2 0
3 2 5 6 3 1 0
3 1 5 7 2 0
4 2 4 3 3 5 0
12 3 3 1 0
15 3 1 0
15 3 2 0
13 3 2 0
12 4 2 0
10 4 2 0
9 18 0
4 3 5 2 0
4 2 1 0
5 3 1 1 1 0
8 1 1 8 0
14 0
#
13 0
2 16 0
3 6 9 0
4 6 7 0
1 3 5 4 7 0
1 11 3 10 0
2 8 3 9 0
2 3 8 0
2 3 10 0
9 11 0
3 14 0
4 20 0
5 11 9 0
1 3 2 7 5 4 0
1 4 2 5 4 4 0
1 5 4 3 2 3 0
2 13 3 1 1 3 0
2 2 6 2 2 2 2 0
2 2 2 3 2 0
1 2 2 3 3 2 0
1 2 3 2 3 5 2 0
1 1 1 5 1 9 2 1 0
2 1 2 1 2 1 8 2 2 0
3 2 1 3 1 6 3 1 0
4 1 9 4 2 0
2 3 3 3 3 2 2 3 1 0
1 1 2 1 1 5 2 2 1 2 1 0
1 2 1 1 1 2 2 1 5 1 3 0
3 3 1 1 2 4 1 1 2 0
2 3 2 1 1 2 1 1 1 1 0
5 1 2 1 2 1 1 2 0
1 1 2 1 1 1 1 1 0
3 1 2 1 2 1 2 0
2 3 2 1 0
2 4 0
#
