3 4 0
5 11 0
13 2 2 0
3 2 2 3 2 2 0
13 3 4 2 2 0
2 1 2 0
1 2 2 2 2 2 1 1 2 0
2 1 1 1 1 1 1 1 1 4 1 2 2 0
1 1 1 1 3 6 1 1 2 0
13 4 3 5 1 2 1 0
1 23 1 2 1 0
2 1 1 2 1 0
13 2 2 2 1 0
2 3 2 2 2 1 0
1 1 1 11 2 2 3 0
1 1 1 1 2 3 3 0
5 13 2 3 0
1 2 3 8 2 2 0
6 2 2 5 2 2 2 0
3 3 3 5 2 5 0
1 2 3 6 1 4 0
6 4 7 2 4 0
1 1 1 8 1 3 1 3 0
4 2 7 1 3 0
6 6 2 3 0
1 9 4 4 0
1 7 4 5 0
1 15 5 0
7 6 0
7 6 6 0
22 2 0
18 2 1 0
11 6 4 0
10 6 1 0
5 4 7 7 1 0
5 4 11 2 2 0
5 13 4 0
6 8 0
7 8 0
7 7 0
8 8 0
7 7 0
6 6 0
8 9 0
7 8 0
#
5 0
3 1 2 0
2 2 1 0
1 2 2 1 0
1 1 2 1 0
1 2 1 0
1 1 2 1 0
1 2 2 1 3 5 0
1 2 1 1 1 1 2 0
1 2 1 6 1 5 0
1 2 1 1 1 5 0
1 2 1 3 1 2 1 0
1 4 1 1 2 1 9 2 0
1 1 1 2 1 2 12 2 0
2 5 2 2 2 15 0
3 2 1 1 1 19 0
5 2 1 2 1 21 0
3 1 5 1 2 12 8 0
5 1 1 1 2 16 7 0
3 4 1 1 18 4 0
1 3 1 21 0
1 5 23 0
3 1 1 1 2 1 1 1 3 1 0
5 4 2 1 1 1 1 2 5 2 0
3 1 3 2 7 1 14 2 0
5 3 1 6 15 2 0
5 3 7 18 0
3 3 7 19 0
1 2 7 19 0
1 2 2 19 0
1 3 1 2 2 10 0
1 2 2 1 1 1 4 0
2 2 2 1 1 1 0
2 2 3 2 1 2 0
2 2 4 2 1 0
7 1 1 0
1 1 0
2 1 1 0
4 1 1 0
2 4 2 2 0
1 4 5 2 2 2 0
3 5 5 3 2 1 0
5 6 9 1 1 0
4 14 1 2 0
20 5 0
#
