3 0
13 0
15 3 0
18 1 0
25 1 0
15 1 0
3 1 0
4 0
1 4 0
1 4 0
1 4 5 0
1 4 9 0
1 6 7 0
1 4 5 0
1 4 5 0
1 5 4 0
1 3 1 4 4 0
1 2 1 2 1 6 0
1 3 1 1 1 1 4 4 0
1 1 2 1 1 1 1 1 4 4 0
1 1 2 1 1 2 1 1 1 4 4 0
1 1 1 1 1 1 2 1 1 2 4 4 0
1 1 1 1 1 1 1 1 1 1 2 1 4 5 0
1 1 2 1 1 1 1 1 1 1 2 1 2 1 4 0
1 1 2 1 1 1 1 1 1 1 1 2 3 1 4 0
1 1 2 1 1 1 1 2 1 7 1 2 1 4 0
1 1 1 1 1 1 1 1 2 1 5 1 2 1 3 0
1 1 1 1 1 1 1 1 2 1 6 2 1 3 1 0
1 1 1 1 1 1 1 1 2 1 1 2 5 1 1 1 1 1 0
1 1 1 1 1 1 1 1 1 1 1 1 2 1 2 1 1 1 1 1 1 0
1 1 1 1 1 1 1 1 1 1 1 1 2 1 2 1 1 2 1 1 1 0
1 1 1 1 1 1 1 1 1 1 1 2 1 2 1 1 2 1 2 1 0
1 1 1 1 1 1 1 1 1 1 1 1 1 2 1 1 3 1 2 1 0
1 3 1 1 1 1 1 1 1 1 3 3 2 2 1 1 3 1 1 1 1 0
1 4 1 1 1 1 3 1 2 3 3 3 1 1 1 1 1 1 1 1 1 0
1 1 2 1 1 1 1 3 1 2 3 3 2 1 1 1 1 1 1 1 1 0
1 1 2 1 1 1 1 2 1 2 2 2 2 1 1 1 1 1 1 1 1 0
1 1 1 1 1 1 1 2 1 8 1 1 1 1 1 1 1 1 1 0
1 1 1 1 1 1 1 2 1 1 6 1 1 2 1 1 1 1 0
1 1 1 1 1 1 1 1 1 1 2 4 1 1 2 1 2 1 0
1 2 2 1 1 1 1 1 1 1 1 1 1 1 1 2 1 0
1 1 2 1 1 1 1 1 1 1 2 1 1 1 1 1 1 1 0
1 1 1 1 1 2 1 1 1 1 1 1 2 2 1 0
1 2 2 1 2 1 1 1 1 1 1 3 1 0
1 2 1 3 1 1 1 1 1 1 1 2 0
1 4 1 1 10 1 1 1 1 1 1 0
1 1 9 1 8 0
1 1 1 1 1 1 2 10 0
1 1 1 1 1 1 1 11 0
34 0
#
45 0
4 1 0
4 2 0
2 2 1 0
2 1 8 2 0
3 1 3 4 1 0
2 2 2 9 4 2 0
2 1 2 3 3 2 1 0
2 1 1 19 2 2 0
2 2 4 2 2 1 0
2 1 26 1 2 0
2 1 1 1 1 1 0
2 2 30 1 1 0
2 1 1 1 1 0
2 1 29 1 1 0
2 2 1 1 1 0
3 1 27 1 1 0
2 1 2 2 1 0
2 2 20 1 1 0
2 3 4 5 1 0
2 4 7 1 1 0
2 2 2 1 0
2 2 1 1 1 0
2 3 36 0
2 3 2 1 0
2 2 1 8 4 11 1 0
2 2 1 1 1 1 2 2 1 1 0
3 3 2 1 2 2 2 1 6 1 1 0
2 2 1 3 1 1 1 1 1 0
2 3 1 1 2 2 4 1 1 1 0
2 2 2 1 6 2 4 1 1 1 0
2 3 1 8 2 1 1 1 0
2 4 1 1 1 1 1 0
1 5 1 3 2 4 1 2 2 0
2 4 3 1 4 1 1 1 0
1 3 1 1 2 2 1 1 1 0
1 2 1 2 2 1 1 1 0
1 1 3 1 4 1 1 1 0
1 1 1 2 2 4 1 1 1 0
1 2 1 1 2 1 1 1 1 0
2 1 3 1 2 1 3 1 1 0
1 1 6 2 4 1 1 1 0
1 2 5 2 7 1 0
1 1 2 0
1 27 0
1 2 1 0
1 1 6 1 1 0
1 1 2 2 1 0
1 2 1 6 2 1 1 0
3 1 1 4 2 1 1 0
3 1 1 15 1 1 0
3 2 2 1 1 0
1 1 1 15 3 0
1 1 1 1 0
2 13 1 1 0
1 2 2 1 0
1 6 1 1 0
2 1 0
1 1 1 0
21 0
#
