 1 17 0
 3 21 1 0
 1 23 3 0
 11 10 1 0
 11 2 10 0
 9 4 11 0
 7 2 16 0
 7 5 17 0
 7 5 6 7 0
 7 6 7 9 0
 8 5 5 1 8 0
 9 5 1 4 3 8 0
 9 4 2 4 4 8 0
 9 4 8 14 0
 9 4 23 0
 10 4 8 12 0
 10 3 7 12 0
 12 6 11 0
 11 6 10 0
 10 6 10 0
 10 6 9 0
 8 5 9 0
 8 4 8 0
 7 3 1 7 0
 7 3 7 0
 7 1 7 0
 6 1 6 0
 5 3 6 0 
 5 1 5 0
 4 5 0
 4 5 0
 3 4 0
 4 3 0
 3 4 0
 2 3 0
 1 2 2 1 0
 3 2 1 1 2 3 0
 1 1 3 3 2 1 0
 1 1 1 2 0
 2 0
#
 7 0
 1 13 0
 3 17 1 0
 1 22 3 0
 24 1 0
 27 0
 30 0
 32 0
 5 19 0
 3 18 0
 2 1 5 10 0
 1 3 5 1 7 0
 1 5 8 0
 5 8 0
 4 9 0
 1 10 0
 1 16 0
 3 11 4 0
 1 16 3 0
 19 3 0
 11 2 4 3 0
 12 1 3 3 0
 13 4 0
 9 4 5 0
 6 5 0
 1 1 10 5 0
 3 3 10 6 0
 1 1 10 6 0
 1 7 6 0
 2 7 0
 20 0
 3 19 0
 2 20 0
 4 22 0
 30 0
 28 0
 1 25 0
 3 21 1 0
 1 18 3 0
 12 1 0
# 

