13 0
3 4 0
4 4 0
2 6 3 0
1 9 2 0
2 15 2 0
2 15 3 0
1 15 1 0
1 18 2 0
1 19 2 0
1 19 2 0
1 21 2 0
1 21 2 0
1 20 2 0
11 8 1 0
10 7 2 0
11 6 2 0
10 6 3 0
9 6 2 0
8 5 4 0
7 5 4 0 
7 5 5 0
6 13 0
4 7 5 0
3 5 5 0
3 8 4 7 0
1 11 6 5 0
13 8 0
16 12 0
39 0
39 0
39 0
38 0
34 0
32 0
31 0
30 0
28 0
27 0
27 0
25 0
25 0
5 3 4 4 0
5 3 4 2 0
5 4 3 3 0
5 3 4 2 0
4 2 5 0
4 0
#
6 0
14 0
3 12 0
2 16 0
1 18 0
1 16 0
1 15 0
1 15 0
1 14 8 0
1 13 12 0
2 12 16 0
2 11 23 0
2 11 25 0
1 11 28 0
1 12 29 0
1 44 0
1 18 2 17 3 0
1 17 3 18 2 0
1 15 2 20 1 0
1 14 2 19 0
1 12 3 16 3 0
1 11 3 15 3 0
1 5 2 2 15 2 0
2 2 2 3 14 0
3 1 2 14 0
3 3 2 13 0
3 2 3 13 0
5 2 3 15 0
3 2 2 17 0
10 2 18 0
6 1 19 0
1 13 3 0
1 15 2 0
1 15 2 0
1 17 0
1 13 4 0
1 11 2 0
12 0
11 0
10 0
8 0
8 0
6 0
5 0
4 0
4 0
3 0
#
