1 1 1 2 1 1 0
4 2 2 1 1 0
5 10 0
6 10 0
7 4 5 0
7 3 4 0
7 4 6 0
8 3 6 0
8 4 4 1 0
8 4 3 2 0
9 3 2 4 0
9 3 2 6 0
8 3 1 6 0
8 4 10 0
8 5 4 2 0
5 6 2 4 0
5 7 2 6 0
1 9 1 8 0
1 1 6 6 3 0
2 10 4 0
1 3 5 5 0
1 1 16 0
1 20 0
1 1 11 0
2 12 0
15 0
13 4 0
13 5 0
16 1 0
8 7 2 0
1 1 1 5 2 1 0
1 1 3 2 2 0
5 2 3 0
6 2 3 0
1 1 1 3 0
#
6 0
7 0
9 2 0
10 5 2 0
10 2 1 4 0
10 1 2 2 2 0
10 1 1 1 4 0
9 1 3 3 2 0
10 1 1 5 2 0
9 8 3 0
9 7 2 0
6 1 13 0
5 2 14 0
2 16 0
1 15 0
16 0
15 0
6 10 0
4 1 8 2 0
4 1 7 2 0
4 2 2 3 2 0
4 3 2 1 2 0
5 1 2 2 2 1 0
4 2 1 2 1 2 0
5 3 2 3 1 1 0
9 4 2 2 2 2 0
9 2 2 2 3 1 1 0
5 2 2 2 3 1 2 0
5 2 2 5 1 3 0
4 4 3 5 3 0
7 3 4 0
9 8 0
6 6 0
14 0
3 2 3 0
#
