8 2 0
2 1 2 0
1 2 2 3 0
2 1 1 2 3 1 0
1 1 1 1 2 2 3 2 0
2 1 3 2 1 2 4 2 0
1 2 3 2 2 2 3 3 0
2 6 3 1 1 2 3 3 0
1 11 2 2 3 3 3 0
2 15 2 3 3 3 0
19 2 2 3 3 1 0
21 2 2 2 3 2 0
17 4 1 2 2 3 3 3 0
13 2 1 4 1 2 2 2 3 4 0
12 1 1 1 1 3 2 2 2 2 2 4 0
12 2 3 1 3 3 1 2 2 2 4 0
9 1 2 3 2 5 2 2 2 2 3 1 0
8 2 2 3 2 1 3 1 3 2 2 2 2 0
9 1 2 2 3 1 5 2 2 2 2 3 0
9 1 3 2 3 1 2 1 3 2 2 1 4 0
8 9 6 1 3 2 2 2 4 0
6 1 15 3 3 2 1 4 0
5 1 14 1 1 3 2 2 3 1 0
5 2 13 2 1 3 2 2 2 2 0
6 1 13 2 3 1 2 2 2 5 0
5 15 1 3 3 2 2 4 0
4 1 15 1 4 3 2 3 1 0
4 17 2 5 2 3 1 3 0
5 16 2 5 3 2 2 0
5 16 2 4 3 3 2 0
4 17 2 4 3 2 1 0
4 1 2 1 7 3 3 4 3 2 0
3 1 3 4 3 3 2 3 2 0
2 1 13 2 1 3 3 3 3 0
1 1 15 2 3 3 3 5 0
20 1 1 2 3 9 0
1 18 2 1 4 8 10 0
1 17 1 1 11 11 0
2 12 2 6 2 10 0
7 8 2 15 11 0
10 7 2 5 7 12 0
11 5 1 6 2 11 0
12 3 2 5 10 11 0
15 2 5 12 0
6 2 1 4 11 12 0
4 3 1 2 3 9 12 0
3 1 1 3 6 13 0
2 2 1 2 2 2 9 12 0
3 2 1 5 2 4 13 0
1 3 3 3 2 2 13 0
1 1 1 11 13 0
1 1 4 10 14 0
1 1 1 6 5 5 0
10 1 7 5 0
1 12 24 0
16 3 22 0
17 1 4 6 0
19 1 1 5 12 0
27 4 12 0
20 5 2 5 0
16 2 1 3 2 11 0
11 2 1 3 4 5 0
2 1 3 7 0
2 2 3 9 0
3 5 3 6 0
1 2 3 3 0
5 6 0
8 1 1 1 0
1 2 2 1 1 0
4 1 1 1 0
#
39 8 0
25 1 11 7 0
26 4 8 3 9 0
3 22 1 3 7 1 10 0
3 18 2 1 3 6 1 1 1 9 0
3 16 1 2 2 3 6 3 1 9 0
2 17 2 4 4 5 1 1 1 9 0
1 15 9 5 4 3 10 0
1 12 2 7 6 4 1 9 0
1 13 1 11 6 4 9 0
1 11 15 7 3 9 0
1 9 11 9 2 1 8 0
1 10 12 10 4 7 2 0
3 8 17 13 2 10 2 1 1 0
3 7 17 11 1 1 1 6 1 1 1 0
3 6 12 10 4 6 2 1 1 0
7 17 9 1 1 4 5 0
4 28 2 3 3 0
4 3 18 2 3 2 0
5 19 3 1 3 4 0
3 20 3 2 2 1 2 3 2 0
3 15 4 3 2 1 5 0
3 3 4 4 1 1 1 3 0
8 11 9 2 1 1 0
2 1 2 6 8 3 2 5 2 4 0
4 2 3 6 3 3 1 2 1 2 0
5 3 8 1 1 1 2 2 5 6 0
7 1 7 6 1 1 1 3 1 1 4 0
2 2 1 17 1 2 1 7 2 2 1 0
3 3 14 2 1 2 1 9 1 2 2 0
5 3 1 8 1 2 1 2 2 7 3 0
8 4 4 2 2 1 2 2 9 2 0
4 5 3 1 1 1 2 1 2 2 1 2 2 12 0
6 3 4 1 2 1 2 2 1 2 2 2 3 4 1 0
7 4 2 1 2 1 2 2 2 1 2 1 3 3 2 3 0
10 5 2 2 1 2 1 3 2 1 2 1 1 1 2 1 6 0
8 6 3 2 2 1 2 3 1 2 2 1 2 3 7 0
5 4 2 2 2 1 3 2 2 1 5 11 0
5 5 2 3 1 2 1 1 1 1 10 7 3 0
6 5 3 2 2 1 2 1 14 7 3 0
8 4 3 2 3 2 1 17 6 2 2 0
8 4 4 3 2 2 2 17 6 2 1 0
6 5 4 3 3 2 2 18 3 2 2 1 0
5 4 4 2 2 2 19 3 2 2 0
7 4 3 2 1 19 3 2 2 0
4 4 3 2 2 20 2 2 1 0
4 3 3 19 2 2 0
3 18 2 2 0
18 2 1 0
17 2 0
#
