5 0
13 1 1 1 0
1 1 1 1 1 1 1 1 1 0
2 1 1 2 12 0
13 12 0
13 10 1 0
2 5 5 3 2 0
1 2 3 2 1 1 2 1 2 2 0
2 2 2 2 3 0
4 0
1 1 0
4 14 0
4 13 0
2 4 11 0
2 1 1 2 1 1 1 0
2 2 2 1 1 1 0
2 2 2 1 1 1 0
2 2 2 2 1 1 1 0
24 1 1 0
24 1 2 0
1 3 12 0
1 22 2 0
7 2 2 2 2 14 0
1 5 2 2 2 2 14 0
8 2 2 2 2 13 0
33 0
6 9 8 0
5 4 7 4 7 0
5 6 6 6 0
1 2 21 4 0
2 2 2 1 1 2 4 0
1 3 2 15 2 4 0
2 3 3 3 3 3 0
6 6 6 0
4 4 0
#
8 2 0
3 1 2 4 0
8 3 1 0
4 11 3 0
1 23 0
1 9 13 0
4 2 8 0
2 1 4 4 0
1 5 2 3 2 6 0
6 2 2 5 3 3 0
1 2 2 1 5 1 2 5 2 0
1 2 2 1 5 3 1 3 1 2 0
6 2 2 5 3 4 0
1 4 2 1 3 2 3 0
1 4 2 3 3 1 2 0
1 4 2 7 1 1 0
6 6 1 4 1 1 0
1 2 2 6 3 3 1 1 0
1 2 2 2 7 1 1 0
6 2 1 4 1 1 0
1 5 1 2 3 3 1 2 0
1 2 9 2 3 0
1 5 3 8 3 4 0
7 15 3 1 2 0
1 3 2 3 1 4 5 2 0
6 2 3 1 4 3 3 0
1 4 3 1 5 6 0
5 10 6 4 0
5 3 1 7 0
3 2 3 1 10 0
5 2 3 1 10 0
4 21 0
2 3 3 13 0
4 2 2 7 0
1 0
#
