4 0
4 0
4 0
3 0
2 0
3 0
3 1 0
4 2 0
4 3 0
4 4 0
4 4 0
4 5 0
4 5 0
6 5 0
7 6 0
8 6 0
5 8 14 0
9 7 0
2 6 7 0
1 5 7 0
1 3 8 0
2 1 8 0
1 2 8 0
1 1 9 0
1 1 9 0
1 1 9 0
3 1 1 9 0
5 2 1 10 0
4 3 1 10 0
3 6 10 0
3 4 11 0
3 4 11 0
7 11 0
4 12 0
3 12 0
4 13 0
4 13 0
4 14 0
5 15 0
4 16 0
3 17 0
3 18 0
2 19 0
2 21 0
1 24 0
#
1 5 4 0
1 7 6 0
1 7 5 0
1 3 1 6 0
1 4 1 11 0
2 6 11 0
1 10 1 0
4 7 1 0
6 1 1 0
7 8 2 0
9 2 0
7 3 0
6 4 0
6 5 0
8 6 0
9 7 0
2 9 1 8 0
11 1 10 0
9 1 12 0
3 1 15 0
2 1 18 0
1 1 22 0
1 25 0
29 0
31 0
34 0
36 0
37 0
38 0
39 0
#
