2 3 3 2 4 0
3 5 7 4 2 0
1 7 8 6 2 0
4 2 7 9 0
3 1 7 3 4 2 0
3 3 2 1 2 8 3 1 5 0
3 2 1 9 5 1 1 0
1 2 1 1 9 7 1 3 0
1 1 7 4 2 8 0
12 5 10 0
1 8 1 9 1 0
1 3 3 1 9 1 1 1 0
1 1 5 8 1 0
1 1 1 5 1 9 1 3 0
1 1 1 1 3 8 1 1 5 0
1 2 1 1 9 1 1 1 5 0
1 6 1 7 1 3 0
1 5 1 6 1 1 3 0
1 5 1 2 3 7 5 0
2 1 2 1 2 1 13 5 0
15 1 8 3 1 21 0
1 10 1 1 1 5 5 1 21 1 0
6 5 1 3 1 1 1 3 6 1 11 1 0
3 4 1 2 1 2 6 5 1 11 2 0
6 5 1 1 9 5 12 2 0
1 1 1 1 14 4 1 10 3 0
1 1 13 4 10 4 0
6 1 17 8 5 0
8 1 17 2 1 6 0
10 1 10 9 6 0
10 1 20 6 0
9 3 18 1 1 5 0
40 10 3 0
11 5 11 4 9 10 3 0
6 16 3 2 5 2 14 4 0
#
1 5 6 0
2 1 4 6 0
2 1 5 6 0
2 1 3 2 7 0
1 2 5 7 0
1 2 5 8 0
2 2 1 7 0
1 5 8 0
1 3 1 8 0
5 4 3 0
12 1 3 3 0
1 7 1 1 0
4 1 1 1 1 3 0
6 1 4 3 3 0
4 4 5 3 0
3 2 3 4 0
2 1 2 3 11 0
2 1 2 3 2 1 0
3 1 3 9 3 0
6 3 1 1 3 0
4 6 3 0
14 4 3 0
3 2 1 6 3 0
4 4 9 0
3 2 10 0
3 3 11 0
4 2 11 0
3 1 1 10 0
4 1 12 0
4 2 10 1 0
4 3 11 0
5 17 0
4 3 2 8 5 0
5 6 1 13 0
5 7 1 6 1 0
4 3 3 13 0
4 8 13 0
2 1 21 0
2 4 1 7 6 0
2 3 4 5 5 0
1 5 3 3 1 4 2 0
6 2 1 3 1 3 2 0
12 4 3 0
1 2 1 3 3 1 3 0
1 3 3 3 4 2 1 0
3 4 9 3 0
3 1 9 3 0
5 10 3 0
2 4 1 10 3 0
4 3 10 3 0
5 3 1 10 3 0
6 4 10 4 0
12 2 11 2 0
1 2 1 3 4 9 2 0
2 3 4 5 5 3 1 0
4 3 4 5 5 0
2 2 1 2 4 7 1 0
4 4 10 0
3 1 3 12 0
3 3 11 2 0
#
