2 0
3 0
5 0
6 0
12 0
9 2 0
11 2 0
13 2 0
13 3 1 3 0
13 2 1 11 0
14 3 3 0
13 1 0
13 1 0
12 1 0
13 1 0
1 12 2 0
1 11 2 0
2 10 7 0
1 9 8 0
1 8 5 2 0
1 7 2 0
1 5 2 0
1 10 0
16 0
16 0
3 2 2 2 0
16 0
17 0
1 2 0
2 2 0
4 2 0
4 2 0
5 2 0
5 1 0
6 1 0
6 1 0
7 2 0
7 2 0
8 2 0
9 2 0
10 2 0
11 2 0
12 2 0
16 0
15 0
#
4 1 15 0
7 3 5 16 0
9 28 0
11 2 2 15 0
12 2 2 13 0
14 2 2 11 0
16 5 9 0
18 5 7 0
20 2 2 6 0
21 2 2 5 0
22 2 2 4 0
20 5 3 0
1 15 5 2 0
1 12 2 2 2 0
1 2 8 2 2 2 0
1 3 6 2 0
2 1 1 6 2 0
2 2 1 2 2 0
2 1 1 3 3 0
3 1 1 4 4 0
1 2 1 7 0
1 2 1 0
1 3 1 0
1 2 1 0
1 2 2 0
1 2 2 0
1 4 0
3 4 0
4 3 0
3 4 0
#
