5 0
7 0
8 0
10 0
3 1 1 0
2 2 0
4 2 0
4 3 0
6 1 0
12 0
13 0
14 0
4 9 0
4 10 0
3 8 3 0
3 7 3 0
3 7 9 0
10 5 2 0
1 6 1 2 2 0
2 1 3 3 1 0
9 3 1 2 0
9 1 2 0
9 6 0
10 0
4 4 1 0
4 5 0
4 4 1 0
4 5 0
4 4 0
4 5 0
4 4 1 0
4 5 0
3 4 2 0
4 4 4 0
3 5 3 1 0
3 5 7 0
3 4 3 4 0
5 2 6 0
6 6 2 0
6 10 0
#
1 0
8 0
8 1 0
9 4 7 0
6 23 0
6 5 20 0
5 6 14 3 0
13 12 3 0
13 4 2 2 0
2 1 11 6 5 0
6 9 1 7 8 0
6 8 1 16 0
5 1 6 4 10 3 0
4 7 2 1 7 2 0
5 2 9 1 3 0
4 2 9 2 0
5 9 4 0
1 1 1 1 5 0
1 1 1 3 2 0
1 1 3 3 0
1 1 8 0
2 2 1 1 1 2 3 1 0
2 2 5 1 0
3 5 0
3 0
#
