2 0
3 9 0
4 13 0
8 4 10 0
9 4 1 9 0
9 10 10 0
9 22 0
8 24 0
6 27 0
5 7 5 15 0
5 7 7 13 0
6 7 22 0
14 11 11 0
27 10 0
39 0
38 0
14 20 0
13 19 0
12 1 19 0
11 21 0
5 8 19 0
4 8 18 0
4 8 16 0
4 5 18 0
5 5 14 0
5 3 7 6 0
6 6 7 0
6 14 0
5 1 15 0
6 2 12 0
8 14 0
7 1 17 0
8 2 19 0
12 20 0
11 16 0
10 12 0
8 11 0
7 11 0
5 10 0
11 0
2 8 0
9 0
9 0
2 4 0
#
2 0
6 0
3 8 0
17 0
20 0
23 0
28 3 0
36 0
6 26 0
5 10 16 0
5 12 15 0
15 13 0
15 10 0
17 9 0
12 4 2 5 0
8 3 5 2 3 0
6 4 1 6 2 0
7 6 7 2 0
18 2 2 2 0
2 16 2 2 0
21 1 1 4 0
2 19 2 2 3 2 0
3 24 3 4 3 0
3 4 19 5 7 0
4 4 18 14 0
9 33 0
43 0
11 13 17 0
12 11 17 0
41 0
35 2 0
34 0
33 0
31 0
31 0
19 9 0
17 7 0
9 3 4 0
6 4 0
2 0
#
